==================================================================================================================================================================================
  Triggered Error Codes  –  HillClimber Comparison
==================================================================================================================================================================================
Problem    HillClimber v1 Error Codes                                                    HillClimber v2 Error Codes                                                       
Problem11  0, 9, 13, 24, 26, 39, 42, 48, 52, 60, 62, 74, 75, 82, 91, 93--95              0, 9, 13, 24, 26, 39, 42, 48, 52, 60, 62, 74, 75, 82, 91, 93--95                 
Problem12  -                                                                             3, 10, 25, 28, 37, 65, 71, 73, 74, 76, 77, 79                                    
Problem13  1, 3, 10, 16, 23, 30, 31, 34, 35, 37, 48, 49, 52, 68, 70--72, 74, 75, 82,     1, 3, 10, 16, 23, 30, 31, 34, 35, 37, 48, 49, 52, 68, 70--72, 74, 75, 82,        
           87, 90                                                                        87, 90                                                                           
Problem14  18, 28, 41, 60, 73, 77                                                        4, 15, 18, 25, 27, 28, 36, 41, 59, 60, 73, 76, 77, 90                            
Problem15  21, 27, 33, 38, 44, 72, 74, 87, 94                                            4, 7--9, 20, 21, 28, 33, 35, 38, 44, 49, 60, 71, 72, 74, 76, 78, 80, 82, 84,     
                                                                                         87--90, 93--95                                                                   
Problem17  0, 2, 11, 12, 19, 22, 23, 25, 31, 35, 37, 46, 50, 51, 53, 56, 61, 63, 66,     0, 2, 11, 12, 19, 22, 23, 25, 31, 35, 37, 46, 50, 51, 53, 56, 61, 63, 66,        
           69, 72, 76, 78, 79, 85, 86, 95--97, 99                                        69, 72, 76, 78, 79, 85, 86, 95--97, 99                                           
